alpha=0.3227;
zeta_p=0.9306;
iota_p=0.4988;
s_bis=0.2720;
h=0.7750;
a_bis=0.2958;
nu_l=0.4813;
zeta_w=0.3998;
iota_w=0.1846;
r_star=1.8512;
psi_1=1.2029;
psi_2=0.3005;
rho_R=0.6139;
pi_star=3.1933;
gamma_star=1.3380;
lambda_f=0.2337;
gg_star=0.2754;
L_adj=661.9171;
nu=0.9777;
chi=0.1274;
sigma=0.2927;
D_adj=0.3281;

rho_z=0.1060;
rho_phi=0.9404;
rho_lambda_f=0.1250;
rho_mu=0.8482;
rho_b=0.5606;
rho_g=0.9642;
rho_nu=0.4779;
rho_sigma=0.9192;
