alpha=0.1463;
zeta_p=0.8516;
iota_p=0.2001;
s_bis=7.1107;
h=0.7188;
a_bis=0.2749;
nu_l=2.0742;
zeta_w=0.3577;
iota_w=0.1514;
r_star=0.9985;
psi_1=1.6362;
psi_2=0.0421;
rho_R=0.7564;
pi_star=4.0796;
gamma_star=1.4979;
lambda_f=0.3296;
gg_star=0.2456;
L_adj=663.3073;

rho_z=0.1085;
rho_phi=0.9398;
rho_lambda_f=0.6244;
rho_mu=0.8139;
rho_b=0.6316;
rho_g=0.9643;
