alpha=0.1359;
zeta_p=0.7168;
iota_p=0.2628;
s_bis=5.1222;
h=0.8317;
a_bis=0.2326;
nu_l=0.5029;
zeta_w=0.6652;
iota_w=0.2428;
r_star=1.5332;
psi_1=0.9919;
psi_2=0.0300;
rho_R=0.8284;
pi_star=3.1853;
gamma_star=0.8117;
lambda_f=0.5708;
gg_star=0.1610;
L_adj=666.9994;
D_adj=0.6369;
a=0.2122;
beta_i=0.9533;
m=0.6983;
s_o_bis=3.6737;
lambda_d=0.0074;
n_p=0.3703;
Q_o_adj=0.2135;

rho_z=0.0771;
rho_phi=0.2960;
rho_lambda_f=0.9103;
rho_mu=0.7338;
rho_b=0.6742;
rho_g=0.9102;
rho_a=0.9094;
rho_m=0.9984;
rho_mu_o=0.8805;
rho_lambda_d=0.9978;
